1.83050001e-06 8.465018e-09 0.000000e+00
1.83050734e-06 8.571388e-09 0.000000e+00
1.83051466e-06 8.608936e-09 0.000000e+00
1.83052198e-06 8.587205e-09 0.000000e+00
1.83052930e-06 8.520590e-09 0.000000e+00
1.83053662e-06 8.511756e-09 0.000000e+00
1.83054395e-06 8.473331e-09 0.000000e+00
1.83055127e-06 8.446616e-09 0.000000e+00
1.83055859e-06 8.539092e-09 0.000000e+00
1.83056591e-06 8.511184e-09 0.000000e+00
1.83057324e-06 8.521145e-09 0.000000e+00
1.83058056e-06 8.496647e-09 0.000000e+00
1.83058788e-06 8.467995e-09 0.000000e+00
1.83059520e-06 8.426003e-09 0.000000e+00
1.83060253e-06 8.342869e-09 0.000000e+00
1.83060985e-06 8.255303e-09 0.000000e+00
1.83061717e-06 8.314740e-09 0.000000e+00
1.83062449e-06 8.658154e-09 0.000000e+00
1.83063181e-06 8.851167e-09 0.000000e+00
1.83063914e-06 9.049299e-09 0.000000e+00
1.83064646e-06 9.245806e-09 0.000000e+00
1.83065378e-06 9.031978e-09 0.000000e+00
1.83066110e-06 8.548204e-09 0.000000e+00
1.83066843e-06 8.276686e-09 0.000000e+00
1.83067575e-06 8.131288e-09 0.000000e+00
1.83068307e-06 8.195231e-09 0.000000e+00
1.83069040e-06 8.265957e-09 0.000000e+00
1.83069772e-06 8.374573e-09 0.000000e+00
1.83070504e-06 8.414413e-09 0.000000e+00
1.83071236e-06 8.591811e-09 0.000000e+00
1.83071969e-06 8.453238e-09 0.000000e+00
1.83072701e-06 8.429503e-09 0.000000e+00
1.83073433e-06 8.462115e-09 0.000000e+00
1.83074165e-06 8.495882e-09 0.000000e+00
1.83074898e-06 8.544117e-09 0.000000e+00
1.83075630e-06 8.668803e-09 0.000000e+00
1.83076362e-06 8.723013e-09 0.000000e+00
1.83077095e-06 8.707932e-09 0.000000e+00
1.83077827e-06 8.647048e-09 0.000000e+00
1.83078559e-06 8.637554e-09 0.000000e+00
1.83079292e-06 8.631282e-09 0.000000e+00
1.83080024e-06 8.516878e-09 0.000000e+00
1.83080756e-06 8.538595e-09 0.000000e+00
1.83081489e-06 8.662209e-09 0.000000e+00
1.83082221e-06 8.679961e-09 0.000000e+00
1.83082953e-06 8.626773e-09 0.000000e+00
1.83083686e-06 8.512864e-09 0.000000e+00
1.83084418e-06 8.540420e-09 0.000000e+00
1.83085150e-06 8.641195e-09 0.000000e+00
1.83085883e-06 8.611318e-09 0.000000e+00
1.83086615e-06 8.585828e-09 0.000000e+00
1.83087347e-06 8.447668e-09 0.000000e+00
1.83088080e-06 8.449052e-09 0.000000e+00
1.83088812e-06 8.419036e-09 0.000000e+00
1.83089544e-06 8.434726e-09 0.000000e+00
1.83090277e-06 8.547003e-09 0.000000e+00
1.83091009e-06 8.638746e-09 0.000000e+00
1.83091742e-06 8.592666e-09 0.000000e+00
1.83092474e-06 8.528923e-09 0.000000e+00
1.83093206e-06 8.500126e-09 0.000000e+00
1.83093939e-06 8.356015e-09 0.000000e+00
1.83094671e-06 8.162061e-09 0.000000e+00
1.83095403e-06 8.040704e-09 0.000000e+00
1.83096136e-06 8.204632e-09 0.000000e+00
1.83096868e-06 8.351087e-09 0.000000e+00
1.83097601e-06 8.461187e-09 0.000000e+00
1.83098333e-06 8.593986e-09 0.000000e+00
1.83099065e-06 8.497324e-09 0.000000e+00
1.83099798e-06 8.503732e-09 0.000000e+00
1.83100530e-06 8.563598e-09 0.000000e+00
1.83101263e-06 8.498293e-09 0.000000e+00
1.83101995e-06 8.463752e-09 0.000000e+00
1.83102727e-06 8.412451e-09 0.000000e+00
1.83103460e-06 8.575440e-09 0.000000e+00
1.83104192e-06 8.539865e-09 0.000000e+00
1.83104924e-06 8.545767e-09 0.000000e+00
1.83105657e-06 8.472063e-09 0.000000e+00
1.83106389e-06 8.559655e-09 0.000000e+00
1.83107122e-06 8.592686e-09 0.000000e+00
1.83107854e-06 8.611241e-09 0.000000e+00
1.83108587e-06 8.588395e-09 0.000000e+00
1.83109319e-06 8.574867e-09 0.000000e+00
1.83110051e-06 8.564939e-09 0.000000e+00
1.83110784e-06 8.561076e-09 0.000000e+00
1.83111516e-06 8.556991e-09 0.000000e+00
1.83112249e-06 8.487325e-09 0.000000e+00
1.83112981e-06 8.331070e-09 0.000000e+00
1.83113714e-06 8.345247e-09 0.000000e+00
1.83114446e-06 8.405115e-09 0.000000e+00
1.83115179e-06 8.333255e-09 0.000000e+00
1.83115911e-06 8.275861e-09 0.000000e+00
1.83116644e-06 8.208205e-09 0.000000e+00
1.83117376e-06 8.298727e-09 0.000000e+00
1.83118109e-06 8.733819e-09 0.000000e+00
1.83118841e-06 8.862909e-09 0.000000e+00
1.83119574e-06 8.528290e-09 0.000000e+00
1.83120306e-06 8.192297e-09 0.000000e+00
1.83121038e-06 8.197788e-09 0.000000e+00
1.83121771e-06 8.185228e-09 0.000000e+00
1.83122503e-06 8.159203e-09 0.000000e+00
1.83123236e-06 8.121895e-09 0.000000e+00
1.83123968e-06 8.042137e-09 0.000000e+00
1.83124701e-06 8.085093e-09 0.000000e+00
1.83125433e-06 8.316069e-09 0.000000e+00
1.83126166e-06 8.591750e-09 0.000000e+00
1.83126898e-06 9.044811e-09 0.000000e+00
1.83127631e-06 9.327576e-09 0.000000e+00
1.83128363e-06 9.241145e-09 0.000000e+00
1.83129096e-06 8.789780e-09 0.000000e+00
1.83129828e-06 8.241710e-09 0.000000e+00
1.83130561e-06 8.023679e-09 0.000000e+00
1.83131293e-06 8.324797e-09 0.000000e+00
1.83132026e-06 8.388731e-09 0.000000e+00
1.83132758e-06 8.406712e-09 0.000000e+00
1.83133491e-06 8.375886e-09 0.000000e+00
1.83134224e-06 8.384561e-09 0.000000e+00
1.83134956e-06 8.477069e-09 0.000000e+00
1.83135689e-06 8.466980e-09 0.000000e+00
1.83136421e-06 8.515342e-09 0.000000e+00
1.83137154e-06 8.564119e-09 0.000000e+00
1.83137886e-06 8.596099e-09 0.000000e+00
1.83138619e-06 8.524353e-09 0.000000e+00
1.83139351e-06 8.375914e-09 0.000000e+00
1.83140084e-06 8.345826e-09 0.000000e+00
1.83140817e-06 8.408973e-09 0.000000e+00
1.83141549e-06 8.444128e-09 0.000000e+00
1.83142282e-06 8.542286e-09 0.000000e+00
1.83143014e-06 8.432711e-09 0.000000e+00
1.83143747e-06 8.347047e-09 0.000000e+00
1.83144479e-06 8.346991e-09 0.000000e+00
1.83145212e-06 8.401362e-09 0.000000e+00
1.83145944e-06 8.508157e-09 0.000000e+00
1.83146677e-06 8.511879e-09 0.000000e+00
1.83147410e-06 8.463942e-09 0.000000e+00
1.83148142e-06 8.536883e-09 0.000000e+00
1.83148875e-06 8.576104e-09 0.000000e+00
1.83149608e-06 8.472597e-09 0.000000e+00
1.83150340e-06 8.473396e-09 0.000000e+00
