5.400000000000000355e-01
5.411320754716981707e-01
5.422641509433963058e-01
5.433962264150943300e-01
5.445283018867924651e-01
5.456603773584906003e-01
5.467924528301887355e-01
5.479245283018868706e-01
5.490566037735848948e-01
5.501886792452830299e-01
5.513207547169811651e-01
5.524528301886793002e-01
5.535849056603774354e-01
5.547169811320754595e-01
5.558490566037735947e-01
5.569811320754717299e-01
5.581132075471698650e-01
5.592452830188680002e-01
5.603773584905660243e-01
5.615094339622641595e-01
5.626415094339622947e-01
5.637735849056604298e-01
5.649056603773585650e-01
5.660377358490565891e-01
5.671698113207547243e-01
5.683018867924528594e-01
5.694339622641509946e-01
5.705660377358491298e-01
5.716981132075471539e-01
5.728301886792452891e-01
5.739622641509434242e-01
5.750943396226415594e-01
5.762264150943396945e-01
5.773584905660378297e-01
5.784905660377358538e-01
5.796226415094339890e-01
5.807547169811321242e-01
5.818867924528302593e-01
5.830188679245282835e-01
5.841509433962264186e-01
5.852830188679245538e-01
5.864150943396226889e-01
5.875471698113208241e-01
5.886792452830189593e-01
5.898113207547169834e-01
5.909433962264151186e-01
5.920754716981132537e-01
5.932075471698113889e-01
5.943396226415094130e-01
5.954716981132075482e-01
5.966037735849056833e-01
5.977358490566038185e-01
5.988679245283019537e-01
6.000000000000000888e-01
6.011320754716981130e-01
6.022641509433962481e-01
6.033962264150943833e-01
6.045283018867925184e-01
6.056603773584905426e-01
6.067924528301886777e-01
6.079245283018868129e-01
6.090566037735849481e-01
6.101886792452830832e-01
6.113207547169812184e-01
6.124528301886792425e-01
6.135849056603773777e-01
6.147169811320755128e-01
6.158490566037736480e-01
6.169811320754717832e-01
6.181132075471698073e-01
6.192452830188679425e-01
6.203773584905660776e-01
6.215094339622642128e-01
6.226415094339623479e-01
6.237735849056603721e-01
6.249056603773585072e-01
6.260377358490566424e-01
6.271698113207547776e-01
6.283018867924529127e-01
6.294339622641509369e-01
6.305660377358490720e-01
6.316981132075472072e-01
6.328301886792453423e-01
6.339622641509434775e-01
6.350943396226415016e-01
6.362264150943396368e-01
6.373584905660377720e-01
6.384905660377359071e-01
6.396226415094340423e-01
6.407547169811320664e-01
6.418867924528302016e-01
6.430188679245283367e-01
6.441509433962264719e-01
6.452830188679246071e-01
6.464150943396227422e-01
6.475471698113207664e-01
6.486792452830189015e-01
6.498113207547170367e-01
6.509433962264151718e-01
6.520754716981131960e-01
6.532075471698113311e-01
6.543396226415094663e-01
6.554716981132076015e-01
6.566037735849057366e-01
6.577358490566038718e-01
6.588679245283018959e-01
6.600000000000000311e-01
