-5.193826261068930035e+04
-5.318206071682619222e+04
-5.442352223586090986e+04
-5.566258435589337751e+04
-5.689918438642189722e+04
-5.813325976151407667e+04
-5.936474804297286028e+04
-6.059358692349571356e+04
-6.181971422982650256e+04
-6.304306792590209079e+04
-6.426358611598998687e+04
-6.548120704782059329e+04
-6.669586911571165547e+04
-6.790751086368467077e+04
-6.911607098857509845e+04
-7.032148834313300904e+04
-7.152370193911748356e+04
-7.272265095038231811e+04
-7.391827471595308452e+04
-7.511051274309700239e+04
-7.629930471038269752e+04
-7.748459047073297552e+04
-7.866631005446737981e+04
-7.984440367233654251e+04
-8.101881171854773129e+04
-8.218947477377964242e+04
-8.335633360818964138e+04
-8.451932918440990034e+04
-8.567840266053451342e+04
-8.683349539309719694e+04
-8.798454894003736263e+04
-8.913150506365785259e+04
-9.027430573357097455e+04
-9.141289312963471457e+04
-9.254720964487829769e+04
-9.367719788841667469e+04
-9.480280068835425482e+04
-9.592396109467741917e+04
-9.704062238213588716e+04
-9.815272805311332922e+04
-9.926022184048483905e+04
-1.003630477104647871e+05
-1.014611498654410825e+05
-1.025544727467986522e+05
-1.036429610377304343e+05
-1.047265596660362353e+05
-1.058052138069086504e+05
-1.068788688857073139e+05
-1.079474705807199789e+05
-1.090109648259112291e+05
-1.100692978136575402e+05
-1.111224159974698123e+05
-1.121702660947026015e+05
-1.132127950892499357e+05
-1.142499502342277701e+05
-1.152816790546428092e+05
-1.163079293500470376e+05
-1.173286491971790965e+05
-1.183437869525915303e+05
-1.193532912552634516e+05
-1.203571110291992227e+05
-1.213551954860125406e+05
-1.223474941274962039e+05
-1.233339567481772392e+05
-1.243145334378565312e+05
-1.252891745841348456e+05
-1.262578308749221324e+05
-1.272204533009328588e+05
-1.281769931581659039e+05
-1.291274020503680658e+05
-1.300716318914835865e+05
-1.310096349080861401e+05
-1.319413636417964590e+05
-1.328667709516836039e+05
-1.337858100166494842e+05
-1.346984343377986224e+05
-1.356045977407899627e+05
-1.365042543781734130e+05
-1.373973587317097117e+05
-1.382838656146728317e+05
-1.391637301741371921e+05
-1.400369078932458942e+05
-1.409033545934635913e+05
-1.417630264368119242e+05
-1.426158799280870007e+05
-1.434618719170606055e+05
-1.443009596006627835e+05
-1.451331005251478637e+05
-1.459582525882423797e+05
-1.467763740412751504e+05
-1.475874234912895481e+05
-1.483913599031379563e+05
-1.491881426015574543e+05
-1.499777312732285063e+05
-1.507600859688142373e+05
-1.515351671049812576e+05
-1.523029354664035491e+05
-1.530633522077451635e+05
-1.538163788556266227e+05
-1.545619773105710628e+05
-1.553001098489320138e+05
-1.560307391248019994e+05
-1.567538281719018996e+05
-1.574693404054514831e+05
-1.581772396240204980e+05
-1.588774900113597687e+05
-1.595700561382141605e+05
